,B2,B3,B4,B8,B11,NDVI,NDBI,MNDWI,viirs_mean,viirs_mean_x,viirs_mean_y,S2_NDBI_contrast,S2_NDBI_entropy,S2_NDBI_homogeneity,osm_built_area,osm_building_count,osm_built_ratio,elevation_mean,elevation_std,slope_mean,slope_std,aspect_sin_mean,aspect_cos_mean,tri_mean,dw_water_frac,dw_trees_frac,dw_grass_frac,dw_flooded_vegetation_frac,dw_crops_frac,dw_shrub_and_scrub_frac,dw_built_frac,dw_bare_frac,dw_snow_and_ice_frac,pop_total,pop_male,pop_female,households_total,age_u15,age_15_64,age_65_plus,age_75_plus,year,month_num
B2,1.0,0.9964476424172516,0.9934700533064703,0.8642359887384158,0.30027368613760164,-0.2799870443810756,-0.5871589736587006,0.4915837718707211,0.13548691545502517,0.45640197807496186,0.45640197807496186,-0.24451836086241246,0.08437546834360744,-0.05594981747588871,0.07293692665254135,0.06590431576501113,0.043364466374298805,0.11146899186950085,0.09814092523894068,0.16911847512475117,0.06428114673953206,-0.1877287848675185,-0.2097800485672074,0.05359784471754134,-0.031524246388299,-0.005695332870576687,-0.030627963892591478,-0.0337933089865505,-0.020631536126853374,-0.031563407517695076,-0.01206655285937221,-0.01152792557328099,0.1296954631681436,0.042298809347560196,0.0429839263768542,0.041680907513540255,0.03613195862348024,0.039785333524497785,0.03917321234414216,0.05149408057445783,0.05458625901803191,-0.1538380564607848,-0.18275244814657016
B3,0.9964476424172516,1.0,0.9983763325610132,0.8954034978885271,0.358677559872166,-0.2228258828394009,-0.5767340844561308,0.435966348906364,0.1312364575421923,0.44863169884006904,0.44863169884006904,-0.2420289777939976,0.1064223472088944,-0.07823159121828477,0.08416201823129187,0.07619085067543815,0.04834595303938296,0.1320191915316953,0.11442502015473575,0.18739506629389188,0.0730420800874295,-0.21864112207210662,-0.23976409530375525,0.061877798442292464,-0.03744150760122642,-0.009555712808980845,-0.033502320167190056,-0.039479650081612666,-0.02267219670589732,-0.03570808017172689,-0.012127611136946435,-0.011840063771299805,0.1565584829229716,0.048740537146593814,0.04947130373480276,0.0480805369754843,0.04156386307545253,0.04586916105373201,0.045169294738877826,0.05924986898035198,0.06283242514717438,-0.1427326042952554,-0.17846242862573858
B4,0.9934700533064703,0.9983763325610132,1.0,0.8891723683259116,0.36479967433117155,-0.23431791707873334,-0.5580017109874637,0.43111020155033597,0.13540461580562757,0.4970815391550764,0.4970815391550764,-0.23859239879059346,0.11317501916928019,-0.0835124372489342,0.08644144095964283,0.0778476910499615,0.05262575175481273,0.13296786302348856,0.11555621586896243,0.20137476122955708,0.07592098092911008,-0.2246694112572879,-0.2505729466429668,0.06251002252051907,-0.037507758051194766,-0.0075454115028121115,-0.0342198030528261,-0.04370884924170587,-0.026258610957735525,-0.030404772299423646,-0.01250950736766175,-0.010975557100760721,0.1558935655747379,0.05023272408524409,0.051136780776982395,0.04941879121293031,0.04288762918951315,0.04756077899542799,0.04659872481978836,0.060972461937429744,0.06454684073542424,-0.14566434100164202,-0.1858771498425897
B8,0.8642359887384158,0.8954034978885271,0.8891723683259116,1.0,0.625052231958946,0.20371789361423656,-0.5719309708067185,0.09169488463940528,0.09550595121964495,-0.030630009490095013,-0.030630009490095013,-0.2278041837819614,0.19835673952818647,-0.1798077927598963,0.12171221126982854,0.11431084833694105,0.03968987469740635,0.23014589421070217,0.18594782031713034,0.15007973874293315,0.09104506962680811,-0.3332728856631592,-0.3008921202318114,0.0944985740219959,-0.06484981524288655,-0.05259065085559148,-0.03703004974348197,-0.031517170114844666,-0.0009913581275557038,-0.09286083313136927,-0.0034430056910444455,-0.014997438169337097,0.30521191258119973,0.06877939277918535,0.06827158825763074,0.06921175060147895,0.057993352187636356,0.06270800680171427,0.06360224298011166,0.08372003861765638,0.08974107793707134,-0.06285294339026833,-0.14563339046762636
B11,0.30027368613760164,0.358677559872166,0.36479967433117155,0.625052231958946,1.0,0.5303803723430522,0.05696247422848355,-0.5512152692593669,0.03535979241565976,0.3166105513070238,0.3166105513070238,-0.06967903640111729,0.2850787039679034,-0.2789159947403294,0.14325020945862008,0.13026492551910712,0.0859989281291453,0.23821662738278498,0.1789294168871407,0.2198132463176132,0.10147341565736444,-0.39994798322218916,-0.38000513923217244,0.0757181811338723,-0.06481094917561692,-0.05524470984165816,-0.01003744597118564,-0.1021346526930656,-0.04571382552060142,0.03432127696922907,0.030423264579946895,0.019367769689497945,0.32498527887735895,0.0919880402121327,0.09353313037993091,0.09059540664409284,0.0802504047160979,0.09173839951438079,0.0877665890914707,0.1048458501203663,0.10901246857553255,0.0016046067149175626,0.05221715421133853
NDVI,-0.2799870443810756,-0.2228258828394009,-0.23431791707873334,0.20371789361423656,0.5303803723430522,1.0,0.02264675574899857,-0.8241915139938172,-0.08185502439837625,-0.38753513918332644,-0.38753513918332644,0.06723290878107126,0.25639946325191665,-0.27563642486769446,0.08270652974449169,0.0836733843892397,-0.010828119597914632,0.21266422735546991,0.14475041293919155,-0.10895697916988814,0.03025990829384522,-0.2506225200507606,-0.1206062996113797,0.05897256330560127,-0.057638771087505314,-0.09954335999326891,0.009484249638922153,-0.009259024879034378,0.03239561336673783,-0.06839546774084684,0.03597577393380947,0.010059635648799624,0.3336431793620477,0.04515369547727162,0.04300174450226571,0.04704896330813407,0.037769409113558125,0.04081062830865669,0.04250487055651229,0.05243535943944672,0.05662183905937135,0.21919466605851018,0.13102074841096537
NDBI,-0.5871589736587006,-0.5767340844561308,-0.5580017109874637,-0.5719309708067185,0.05696247422848355,0.02264675574899857,1.0,-0.4969227382926293,-0.10100876163170258,0.4560772583453857,0.4560772583453857,0.19101161987398627,-0.023464792567680665,0.014667430637164055,-0.04050426689546179,-0.04414375749472082,0.033334677343704364,-0.12682818574038265,-0.09336536355462713,0.10074001415555213,-0.019314613432867826,0.1264157077023561,0.03902565268477358,-0.052715959470742944,0.04129158588760488,0.05935690101637787,0.014691523427353491,-0.040041025495284474,-0.04975104937540805,0.12621684523794768,-0.0031338778001089676,0.01967348262444487,-0.19394991002739806,-0.016139563357834737,-0.01353355689904694,-0.018444591436265083,-0.011940839988313634,-0.009670270285234404,-0.013741441276841768,-0.022689683418418424,-0.02675936046873872,0.05189263452940207,0.26716923962717587
MNDWI,0.4915837718707211,0.435966348906364,0.43111020155033597,0.09169488463940528,-0.5512152692593669,-0.8241915139938172,-0.4969227382926293,1.0,0.10624235765745066,0.2108367765855963,0.2108367765855963,-0.16366207395992607,-0.22927414191959702,0.2460245765516179,-0.055347954395513495,-0.05266555761218192,-0.020618181106593254,-0.12353511506916932,-0.07443178032069703,0.02672612821677542,-0.020383577651988186,0.1715225923328515,0.1053322424924314,-0.02284022961677738,0.030701500477163902,0.05311267151522852,-0.02104237557149712,0.05559790167377252,0.014924215966438904,-0.04838081571182638,-0.037568516378352776,-0.030708319017343933,-0.19592932356182802,-0.03519757414657374,-0.035352050191906084,-0.03505168596334078,-0.03082419388212184,-0.036767591978654646,-0.034504131530312315,-0.03734278351460454,-0.038280466631224,-0.1839378997068481,-0.21894955050365256
viirs_mean,0.13548691545502517,0.1312364575421923,0.13540461580562757,0.09550595121964495,0.03535979241565976,-0.08185502439837625,-0.10100876163170258,0.10624235765745066,1.0,1.0,1.0,0.08389788733322641,0.001340879869640538,0.0036122960767024153,0.26120742753067044,0.2399747036381551,0.47087133448124985,-0.3272958378326259,-0.3119432429126005,-0.018483180362910193,-0.18587169237140017,-0.14491105794863648,-0.09043279301374077,-0.4361972171886748,0.13203937691893694,-0.4662449203837863,0.41895762796277625,0.2563921825371452,0.29217093063330163,0.15269319423656977,0.6583851429995669,0.3609656132040665,-0.05687667972902833,0.3800544094564302,0.3851618071899164,0.375431402975192,0.3796497336958628,0.41284941521029295,0.3913692871675866,0.35462539115147607,0.34553777530182256,0.029037638321240213,-0.13180419429189882
viirs_mean_x,0.45640197807496186,0.44863169884006904,0.4970815391550764,-0.030630009490095013,0.3166105513070238,-0.38753513918332644,0.4560772583453857,0.2108367765855963,1.0,1.0,1.0,0.3572696179640464,-0.24087614116246958,0.2458263322371382,0.5603123946750531,0.4952535313789273,0.8805609908477521,-0.5366230718125536,-0.506176929289718,-0.397897118947713,-0.019398703398933913,-0.39789711894777363,-0.39789711894935254,-0.5277107589510921,0.31127480055982204,-0.5219770198898576,0.42787191024681176,-0.01028112082611208,0.0026384120887469795,0.7181409653049564,0.9416254559996778,0.6393285125000723,-0.2608551717510599,0.45510460381403006,0.4726526860061626,0.4394253491004624,0.4628786318682102,0.5197443834133173,0.473868712636268,0.42813035384199755,0.4221137104198829,0.035066363765224005,
viirs_mean_y,0.45640197807496186,0.44863169884006904,0.4970815391550764,-0.030630009490095013,0.3166105513070238,-0.38753513918332644,0.4560772583453857,0.2108367765855963,1.0,1.0,1.0,0.3572696179640464,-0.24087614116246958,0.2458263322371382,0.5603123946750531,0.4952535313789273,0.8805609908477521,-0.5366230718125536,-0.506176929289718,-0.397897118947713,-0.019398703398933913,-0.39789711894777363,-0.39789711894935254,-0.5277107589510921,0.31127480055982204,-0.5219770198898576,0.42787191024681176,-0.01028112082611208,0.0026384120887469795,0.7181409653049564,0.9416254559996778,0.6393285125000723,-0.2608551717510599,0.45510460381403006,0.4726526860061626,0.4394253491004624,0.4628786318682102,0.5197443834133173,0.473868712636268,0.42813035384199755,0.4221137104198829,0.035066363765224005,
S2_NDBI_contrast,-0.24451836086241246,-0.2420289777939976,-0.23859239879059346,-0.2278041837819614,-0.06967903640111729,0.06723290878107126,0.19101161987398627,-0.16366207395992607,0.08389788733322641,0.3572696179640464,0.3572696179640464,1.0,-0.07563570821692032,0.03182974906447245,-0.24449733599083384,-0.2325753786838908,0.17681066600094303,-0.4282933290146852,-0.5308781015157824,-0.005757131530020025,-0.13187945249109503,0.005740941541564718,0.006687961007201968,-0.5029307493582058,0.09580774104535214,-0.5023769085080975,0.4661501849771962,0.48957172284969713,0.5289119808835437,-0.010761733515569359,0.5448834480955501,0.21300620505950327,-0.21189447145524976,-0.21050986936695965,-0.20971541495894877,-0.2111605175173483,-0.2061909033301148,-0.1898659488307239,-0.20155398788562387,-0.23521723988476553,-0.24316758711691772,-0.12105098241599191,0.06540081662179209
S2_NDBI_entropy,0.08437546834360744,0.1064223472088944,0.11317501916928019,0.19835673952818647,0.2850787039679034,0.25639946325191665,-0.023464792567680665,-0.22927414191959702,0.001340879869640538,-0.24087614116246958,-0.24087614116246958,-0.07563570821692032,1.0,-0.994310910938184,0.042594210654176866,0.041588302105387796,0.029427293978749672,0.04382534983074396,0.037346582801606756,0.01181791680456609,0.060563652286981906,-0.08820298848321219,-0.06607244435446438,-0.04432803548577251,0.026892574918980526,-0.06925984295497092,0.06266921141383247,0.02104517425483802,0.05224812461586084,-0.02010801643763885,0.011042623320060457,0.06246225869447742,0.08330584030344226,0.037043163202120984,0.037784640247086866,0.036376608406007795,0.034773862262206114,0.03899601130221679,0.03664753530124516,0.035057124557985146,0.03311314581316784,0.5898416717485327,0.02234233834480322
S2_NDBI_homogeneity,-0.05594981747588871,-0.07823159121828477,-0.0835124372489342,-0.1798077927598963,-0.2789159947403294,-0.27563642486769446,0.014667430637164055,0.2460245765516179,0.0036122960767024153,0.2458263322371382,0.2458263322371382,0.03182974906447245,-0.994310910938184,1.0,-0.01283625027101614,-0.01390021048825756,-0.027298040680861085,-0.02029721043937434,-0.0004632118029706764,-0.010590094779485464,-0.062113756824573596,0.0801887656350958,0.059995258705923094,0.06425747579767155,-0.02235581057574037,0.09129727194098765,-0.08296069348817936,-0.050537536157791704,-0.08453485002579653,0.02504043287295782,-0.03435169998623699,-0.06989554915787985,-0.06608112017543047,-0.0067559912115112706,-0.007448789192775933,-0.006140269748445709,-0.005084126041667293,-0.009964049375912535,-0.0070363563679872254,-0.003075599082681913,-0.000768568957038704,-0.5901853163300526,-0.04801189805983443
osm_built_area,0.07293692665254135,0.08416201823129187,0.08644144095964283,0.12171221126982854,0.14325020945862008,0.08270652974449169,-0.04050426689546179,-0.055347954395513495,0.26120742753067044,0.5603123946750531,0.5603123946750531,-0.24449733599083384,0.042594210654176866,-0.01283625027101614,1.0,0.9940653527884205,0.6566663007292978,0.02304984591040887,0.2241746043793687,0.10678912884311276,-0.010378540976168029,-0.1843293790067621,-0.17728969096269565,0.05861408438561717,0.08021391587146574,0.014982183216010496,-0.15411609412636545,-0.06570713030051509,-0.12475185456228319,-0.08869981236976482,0.11968023976245855,-0.019162591330416142,0.04988271417116673,0.8170645347900222,0.8187579409118833,0.8153564733175681,0.8138784827930051,0.8069863911250073,0.8071017667509677,0.8377013959239898,0.8446193254703627,-0.00017632092707296524,-0.00016148994616709737
osm_building_count,0.06590431576501113,0.07619085067543815,0.0778476910499615,0.11431084833694105,0.13026492551910712,0.0836733843892397,-0.04414375749472082,-0.05266555761218192,0.2399747036381551,0.4952535313789273,0.4952535313789273,-0.2325753786838908,0.041588302105387796,-0.01390021048825756,0.9940653527884205,1.0,0.6456158058075787,0.03582038986344729,0.22677773088873843,0.07301281920491311,-0.019535280975692976,-0.14752617036205384,-0.1359405454405821,0.08339444680932762,0.059508102054453844,0.03943150558383672,-0.18447645674994548,-0.07698633617057343,-0.13950567101574596,-0.10127847953275271,0.10227165573287363,-0.05123762678928719,0.0494777710975816,0.78797610931854,0.7893010814501588,0.7866019630163308,0.7857125880872216,0.77660148181878,0.7773302187664508,0.807547865496595,0.813668919768219,-0.00016409099575854865,-0.00015028871791532728
osm_built_ratio,0.043364466374298805,0.04834595303938296,0.05262575175481273,0.03968987469740635,0.0859989281291453,-0.010828119597914632,0.033334677343704364,-0.020618181106593254,0.47087133448124985,0.8805609908477521,0.8805609908477521,0.17681066600094303,0.029427293978749672,-0.027298040680861085,0.6566663007292978,0.6456158058075787,1.0,-0.28457538918629327,-0.1595436482893953,0.29703390795109413,-0.055387800402637986,-0.24922012639897553,-0.31263756096453826,-0.26037270221903863,0.2565610303141619,-0.27173912258703353,0.06811017056480637,0.23941963397991234,0.12922700571458412,-0.08235968641582019,0.4649650157965627,0.20027670020178784,-0.1443286316664164,0.5309332205634789,0.5353309548637686,0.5269009174910851,0.5313329669858546,0.5481869744871775,0.532892075832926,0.5288694667184145,0.5268783555647418,-0.00015533796306975192,-0.00014227193396711962
elevation_mean,0.11146899186950085,0.1320191915316953,0.13296786302348856,0.23014589421070217,0.23821662738278498,0.21266422735546991,-0.12682818574038265,-0.12353511506916932,-0.3272958378326259,-0.5366230718125536,-0.5366230718125536,-0.4282933290146852,0.04382534983074396,-0.02029721043937434,0.02304984591040887,0.03582038986344729,-0.28457538918629327,1.0,0.8634951766234009,-0.0027963090256917945,0.08212393438383767,-0.09579712516903209,-0.06429771001784179,0.8164000947160419,-0.36909722790461846,0.5582774204820105,-0.6476291999718017,-0.6703132410438468,-0.6458762782895728,-0.12504248724933,-0.6136248786597307,-0.3532732840842161,0.73554507714951,-0.02461552988336958,-0.026458724479605445,-0.02297568923708274,-0.02834522229795955,-0.03939289514562326,-0.030495401385192925,-0.011620946165578322,-0.0076275362262288975,-1.1062876136195832e-05,-1.0132338239984692e-05
elevation_std,0.09814092523894068,0.11442502015473575,0.11555621586896243,0.18594782031713034,0.1789294168871407,0.14475041293919155,-0.09336536355462713,-0.07443178032069703,-0.3119432429126005,-0.506176929289718,-0.506176929289718,-0.5308781015157824,0.037346582801606756,-0.0004632118029706764,0.2241746043793687,0.22677773088873843,-0.1595436482893953,0.8634951766234009,1.0,0.1206647280256419,0.007275401844139953,-0.1589890884647641,-0.16657073826018468,0.7642830825656882,-0.3362372483800726,0.596432686286784,-0.6562126787351688,-0.6483140370563001,-0.6698136906535054,-0.15067420008382731,-0.5995566570407224,-0.41020208171287736,0.5996734174310218,0.2409949605938185,0.23759137189550333,0.243950394309141,0.2339166078085318,0.21512277163387977,0.23084824748874705,0.26263045461198514,0.2678372710968643,-0.00011625254244754184,-0.00010647412722338063
slope_mean,0.16911847512475117,0.18739506629389188,0.20137476122955708,0.15007973874293315,0.2198132463176132,-0.10895697916988814,0.10074001415555213,0.02672612821677542,-0.018483180362910193,-0.397897118947713,-0.397897118947713,-0.005757131530020025,0.01181791680456609,-0.010590094779485464,0.10678912884311276,0.07301281920491311,0.29703390795109413,-0.0027963090256917945,0.1206647280256419,1.0,0.13617524382116866,-0.4620547403595244,-0.7943231042741512,0.023370021401509348,0.027797429083833085,0.021074294203359694,-0.11990444148373429,0.0752802817374198,0.006108391196013118,-0.3114715494159178,0.0020503097424590016,-0.09900364232694576,-0.035278096578292596,0.12457760002188453,0.13004656048752322,0.11974139558107359,0.11213633569216795,0.12472952375427937,0.11951165909585443,0.14422727857112902,0.14865683224920376,0.00026062666389543317,0.00023870442732889946
slope_std,0.06428114673953206,0.0730420800874295,0.07592098092911008,0.09104506962680811,0.10147341565736444,0.03025990829384522,-0.019314613432867826,-0.020383577651988186,-0.18587169237140017,-0.019398703398933913,-0.019398703398933913,-0.13187945249109503,0.060563652286981906,-0.062113756824573596,-0.010378540976168029,-0.019535280975692976,-0.055387800402637986,0.08212393438383767,0.007275401844139953,0.13617524382116866,1.0,-0.11430561607503173,-0.1433802192608136,0.09429040016910112,0.2364791072709174,0.0010599241524753167,-0.1204225515347657,0.042191048368229546,0.039282569430597165,-0.3355542410071284,-0.27182808589111573,0.19477328909168665,0.11164579123505701,-0.13146159952848022,-0.1309486062137633,-0.13189122404928796,-0.1300483059424703,-0.1397781301249497,-0.13426298061056113,-0.12402417659891113,-0.11797417098630139,0.00011676643719660434,0.00010694479646107942
aspect_sin_mean,-0.1877287848675185,-0.21864112207210662,-0.2246694112572879,-0.3332728856631592,-0.39994798322218916,-0.2506225200507606,0.1264157077023561,0.1715225923328515,-0.14491105794863648,-0.39789711894777363,-0.39789711894777363,0.005740941541564718,-0.08820298848321219,0.0801887656350958,-0.1843293790067621,-0.14752617036205384,-0.24922012639897553,-0.09579712516903209,-0.1589890884647641,-0.4620547403595244,-0.11430561607503173,1.0,0.9057790100079951,0.1865842611597547,-0.1959143719030372,0.3921862815775103,-0.2063109797417949,-0.27329114200472593,-0.2548514680921074,0.24519453654546164,-0.21072311952814027,-0.34566399382817387,-0.42620139999211953,-0.1900877587616722,-0.19074815093989847,-0.18947440646948177,-0.1708967727082098,-0.18598203887100956,-0.18387418914835724,-0.21061746365455236,-0.21848211038000553,-0.00011628886373211342,-0.00010650739340202828
aspect_cos_mean,-0.2097800485672074,-0.23976409530375525,-0.2505729466429668,-0.3008921202318114,-0.38000513923217244,-0.1206062996113797,0.03902565268477358,0.1053322424924314,-0.09043279301374077,-0.39789711894935254,-0.39789711894935254,0.006687961007201968,-0.06607244435446438,0.059995258705923094,-0.17728969096269565,-0.1359405454405821,-0.31263756096453826,-0.06429771001784179,-0.16657073826018468,-0.7943231042741512,-0.1433802192608136,0.9057790100079951,1.0,0.11663690341067022,-0.1474801026389342,0.25857822123987567,-0.08402756577553423,-0.22317006763162067,-0.17748954844709397,0.31678655113729215,-0.1453227565478172,-0.18947454424702032,-0.2751043596126603,-0.18973531747227768,-0.19280088016687333,-0.1870043224977842,-0.17064452021623538,-0.18699491351443362,-0.18305828368698557,-0.21318766077571646,-0.2206917105537451,-0.0002041900164361881,-0.00018701486721313493
tri_mean,0.05359784471754134,0.061877798442292464,0.06251002252051907,0.0944985740219959,0.0757181811338723,0.05897256330560127,-0.052715959470742944,-0.02284022961677738,-0.4361972171886748,-0.5277107589510921,-0.5277107589510921,-0.5029307493582058,-0.04432803548577251,0.06425747579767155,0.05861408438561717,0.08339444680932762,-0.26037270221903863,0.8164000947160419,0.7642830825656882,0.023370021401509348,0.09429040016910112,0.1865842611597547,0.11663690341067022,1.0,-0.47934638014828407,0.8648418926161121,-0.8428878070630386,-0.810278242341668,-0.8417733575974293,-0.02606309957863973,-0.7777027277610021,-0.5786522881741808,0.3846474263421501,-0.06081877843189265,-0.062125516830916626,-0.05964520981513903,-0.056062597128980596,-0.07950928066011728,-0.06765531316590292,-0.044826004349207055,-0.039408884811676426,0.00014632822424344525,0.00013402003635174181
dw_water_frac,-0.031524246388299,-0.03744150760122642,-0.037507758051194766,-0.06484981524288655,-0.06481094917561692,-0.057638771087505314,0.04129158588760488,0.030701500477163902,0.13203937691893694,0.31127480055982204,0.31127480055982204,0.09580774104535214,0.026892574918980526,-0.02235581057574037,0.08021391587146574,0.059508102054453844,0.2565610303141619,-0.36909722790461846,-0.3362372483800726,0.027797429083833085,0.2364791072709174,-0.1959143719030372,-0.1474801026389342,-0.47934638014828407,1.0,-0.47765760656785433,0.19293212383737857,0.4482574549196518,0.35916815509191446,-0.3200028389124531,0.12261568579644302,0.4945588755063411,-0.16865404858809838,0.08900200931474117,0.09092300056941705,0.08727688924774166,0.09470132174387082,0.09158761287272286,0.09135852919336,0.07919771133029392,0.07524417817031417,-5.615221607273952e-05,-5.142905326123272e-05
dw_trees_frac,-0.005695332870576687,-0.009555712808980845,-0.0075454115028121115,-0.05259065085559148,-0.05524470984165816,-0.09954335999326891,0.05935690101637787,0.05311267151522852,-0.4662449203837863,-0.5219770198898576,-0.5219770198898576,-0.5023769085080975,-0.06925984295497092,0.09129727194098765,0.014982183216010496,0.03943150558383672,-0.27173912258703353,0.5582774204820105,0.596432686286784,0.021074294203359694,0.0010599241524753167,0.3921862815775103,0.25857822123987567,0.8648418926161121,-0.47765760656785433,1.0,-0.8106934259158236,-0.8411970711580814,-0.9137372899313394,0.15199045602484254,-0.7967489082138436,-0.6971908289729312,0.0004846591246052107,-0.0858608970674103,-0.08594372841374028,-0.0857657092567045,-0.07562332856234456,-0.10438002561450385,-0.09204768479462389,-0.0717982216940468,-0.06933646907610866,0.0001528553988457371,0.0001399981870601323
dw_grass_frac,-0.030627963892591478,-0.033502320167190056,-0.0342198030528261,-0.03703004974348197,-0.01003744597118564,0.009484249638922153,0.014691523427353491,-0.02104237557149712,0.41895762796277625,0.42787191024681176,0.42787191024681176,0.4661501849771962,0.06266921141383247,-0.08296069348817936,-0.15411609412636545,-0.18447645674994548,0.06811017056480637,-0.6476291999718017,-0.6562126787351688,-0.11990444148373429,-0.1204225515347657,-0.2063109797417949,-0.08402756577553423,-0.8428878070630386,0.19293212383737857,-0.8106934259158236,1.0,0.6476620487045341,0.7998389308162692,0.2676704791647126,0.7241930130627091,0.6020923132212469,-0.24337511087670738,-0.04134742914178142,-0.04023781776303596,-0.04232037602033787,-0.048132994416401884,-0.0198909095032397,-0.03302840345974624,-0.05742266699045705,-0.0586722903902878,-0.0001111133874565227,-0.00010176724486094817
dw_flooded_vegetation_frac,-0.0337933089865505,-0.039479650081612666,-0.04370884924170587,-0.031517170114844666,-0.1021346526930656,-0.009259024879034378,-0.040041025495284474,0.05559790167377252,0.2563921825371452,-0.01028112082611208,-0.01028112082611208,0.48957172284969713,0.02104517425483802,-0.050537536157791704,-0.06570713030051509,-0.07698633617057343,0.23941963397991234,-0.6703132410438468,-0.6483140370563001,0.0752802817374198,0.042191048368229546,-0.27329114200472593,-0.22317006763162067,-0.810278242341668,0.4482574549196518,-0.8411970711580814,0.6476620487045341,1.0,0.9333445027111548,-0.3375665891246792,0.627603121265137,0.5130988414711811,-0.2953639676773877,-0.053906009215575174,-0.05552390963643325,-0.052458415191669786,-0.06303087153996921,-0.05007710716015381,-0.053570948382202194,-0.05286376166679733,-0.05018849882382897,-2.1735073370768697e-05,-1.9906858975680822e-05
dw_crops_frac,-0.020631536126853374,-0.02267219670589732,-0.026258610957735525,-0.0009913581275557038,-0.04571382552060142,0.03239561336673783,-0.04975104937540805,0.014924215966438904,0.29217093063330163,0.0026384120887469795,0.0026384120887469795,0.5289119808835437,0.05224812461586084,-0.08453485002579653,-0.12475185456228319,-0.13950567101574596,0.12922700571458412,-0.6458762782895728,-0.6698136906535054,0.006108391196013118,0.039282569430597165,-0.2548514680921074,-0.17748954844709397,-0.8417733575974293,0.35916815509191446,-0.9137372899313394,0.7998389308162692,0.9333445027111548,1.0,-0.22430761548587008,0.6779963147697669,0.5771780800588093,-0.20706289607517356,-0.07754450649270725,-0.07916621082663496,-0.07608754605625877,-0.088593308542237,-0.06773429358702743,-0.0750081830138308,-0.0820245856547653,-0.0800433693882344,-3.180949387013724e-05,-2.9133884095180874e-05
dw_shrub_and_scrub_frac,-0.031563407517695076,-0.03570808017172689,-0.030404772299423646,-0.09286083313136927,0.03432127696922907,-0.06839546774084684,0.12621684523794768,-0.04838081571182638,0.15269319423656977,0.7181409653049564,0.7181409653049564,-0.010761733515569359,-0.02010801643763885,0.02504043287295782,-0.08869981236976482,-0.10127847953275271,-0.08235968641582019,-0.12504248724933,-0.15067420008382731,-0.3114715494159178,-0.3355542410071284,0.24519453654546164,0.31678655113729215,-0.02606309957863973,-0.3200028389124531,0.15199045602484254,0.2676704791647126,-0.3375665891246792,-0.22430761548587008,1.0,0.13669655734299477,0.13560712035729838,-0.2805273475452037,-0.04022677527111955,-0.035644867318089475,-0.04427745464565331,-0.03237875198543962,-0.01905359588553078,-0.03140703801858763,-0.05558085608756587,-0.060343235718333,-2.8560780912870263e-06,-2.6158431984557963e-06
dw_built_frac,-0.01206655285937221,-0.012127611136946435,-0.01250950736766175,-0.0034430056910444455,0.030423264579946895,0.03597577393380947,-0.0031338778001089676,-0.037568516378352776,0.6583851429995669,0.9416254559996778,0.9416254559996778,0.5448834480955501,0.011042623320060457,-0.03435169998623699,0.11968023976245855,0.10227165573287363,0.4649650157965627,-0.6136248786597307,-0.5995566570407224,0.0020503097424590016,-0.27182808589111573,-0.21072311952814027,-0.1453227565478172,-0.7777027277610021,0.12261568579644302,-0.7967489082138436,0.7241930130627091,0.627603121265137,0.6779963147697669,0.13669655734299477,1.0,0.43826908403452336,-0.18170963424624964,0.2628977827082003,0.26526618117933776,0.26073202940513096,0.25637756970941106,0.292899568136173,0.2729021318566379,0.24230866769910506,0.23492098851458454,-0.00020892745204960318,-0.00019135382024634354
dw_bare_frac,-0.01152792557328099,-0.011840063771299805,-0.010975557100760721,-0.014997438169337097,0.019367769689497945,0.010059635648799624,0.01967348262444487,-0.030708319017343933,0.3609656132040665,0.6393285125000723,0.6393285125000723,0.21300620505950327,0.06246225869447742,-0.06989554915787985,-0.019162591330416142,-0.05123762678928719,0.20027670020178784,-0.3532732840842161,-0.41020208171287736,-0.09900364232694576,0.19477328909168665,-0.34566399382817387,-0.18947454424702032,-0.5786522881741808,0.4945588755063411,-0.6971908289729312,0.6020923132212469,0.5130988414711811,0.5771780800588093,0.13560712035729838,0.43826908403452336,1.0,0.0023809979233420466,0.025415814292296435,0.028552460618633566,0.022629402358349277,0.025167602322279683,0.046721434565553464,0.034050255265226724,0.003972735006756536,-0.000495095091417064,-0.00016809549973026072,-0.00015395638878727339
dw_snow_and_ice_frac,0.1296954631681436,0.1565584829229716,0.1558935655747379,0.30521191258119973,0.32498527887735895,0.3336431793620477,-0.19394991002739806,-0.19592932356182802,-0.05687667972902833,-0.2608551717510599,-0.2608551717510599,-0.21189447145524976,0.08330584030344226,-0.06608112017543047,0.04988271417116673,0.0494777710975816,-0.1443286316664164,0.73554507714951,0.5996734174310218,-0.035278096578292596,0.11164579123505701,-0.42620139999211953,-0.2751043596126603,0.3846474263421501,-0.16865404858809838,0.0004846591246052107,-0.24337511087670738,-0.2953639676773877,-0.20706289607517356,-0.2805273475452037,-0.18170963424624964,0.0023809979233420466,1.0,0.08772367434456639,0.08469332265795408,0.09038718503983605,0.07644157786309619,0.08185175287069794,0.0851943194144241,0.09023063149776175,0.09179295073761984,-0.00013116682399480693,-0.0001201339154554642
pop_total,0.042298809347560196,0.048740537146593814,0.05023272408524409,0.06877939277918535,0.0919880402121327,0.04515369547727162,-0.016139563357834737,-0.03519757414657374,0.3800544094564302,0.45510460381403006,0.45510460381403006,-0.21050986936695965,0.037043163202120984,-0.0067559912115112706,0.8170645347900222,0.78797610931854,0.5309332205634789,-0.02461552988336958,0.2409949605938185,0.12457760002188453,-0.13146159952848022,-0.1900877587616722,-0.18973531747227768,-0.06081877843189265,0.08900200931474117,-0.0858608970674103,-0.04134742914178142,-0.053906009215575174,-0.07754450649270725,-0.04022677527111955,0.2628977827082003,0.025415814292296435,0.08772367434456639,1.0,0.9998482966182267,0.9998808384625338,0.9986188018512375,0.9976895447633302,0.9994007862108578,0.9962324817265008,0.992942368951624,-0.00039984504024173775,-0.0003662126503984388
pop_male,0.0429839263768542,0.04947130373480276,0.051136780776982395,0.06827158825763074,0.09353313037993091,0.04300174450226571,-0.01353355689904694,-0.035352050191906084,0.3851618071899164,0.4726526860061626,0.4726526860061626,-0.20971541495894877,0.037784640247086866,-0.007448789192775933,0.8187579409118833,0.7893010814501588,0.5353309548637686,-0.026458724479605445,0.23759137189550333,0.13004656048752322,-0.1309486062137633,-0.19074815093989847,-0.19280088016687333,-0.062125516830916626,0.09092300056941705,-0.08594372841374028,-0.04023781776303596,-0.05552390963643325,-0.07916621082663496,-0.035644867318089475,0.26526618117933776,0.028552460618633566,0.08469332265795408,0.9998482966182267,1.0,0.9994602683495534,0.9986672330041843,0.9982909899762017,0.9994342824697826,0.9957983435917536,0.9923180060543011,-0.00039831093879402654,-0.0003648075876843328
pop_female,0.041680907513540255,0.0480805369754843,0.04941879121293031,0.06921175060147895,0.09059540664409284,0.04704896330813407,-0.018444591436265083,-0.03505168596334078,0.375431402975192,0.4394253491004624,0.4394253491004624,-0.2111605175173483,0.036376608406007795,-0.006140269748445709,0.8153564733175681,0.7866019630163308,0.5269009174910851,-0.02297568923708274,0.243950394309141,0.11974139558107359,-0.13189122404928796,-0.18947440646948177,-0.1870043224977842,-0.05964520981513903,0.08727688924774166,-0.0857657092567045,-0.04232037602033787,-0.052458415191669786,-0.07608754605625877,-0.04427745464565331,0.26073202940513096,0.022629402358349277,0.09038718503983605,0.9998808384625338,0.9994602683495534,1.0,0.9983226141435176,0.9969034640390553,0.9991176367702231,0.9963645936882769,0.9932439089005747,-0.0004011032867180574,-0.00036736506128322386
households_total,0.03613195862348024,0.04156386307545253,0.04288762918951315,0.057993352187636356,0.0802504047160979,0.037769409113558125,-0.011940839988313634,-0.03082419388212184,0.3796497336958628,0.4628786318682102,0.4628786318682102,-0.2061909033301148,0.034773862262206114,-0.005084126041667293,0.8138784827930051,0.7857125880872216,0.5313329669858546,-0.02834522229795955,0.2339166078085318,0.11213633569216795,-0.1300483059424703,-0.1708967727082098,-0.17064452021623538,-0.056062597128980596,0.09470132174387082,-0.07562332856234456,-0.048132994416401884,-0.06303087153996921,-0.088593308542237,-0.03237875198543962,0.25637756970941106,0.025167602322279683,0.07644157786309619,0.9986188018512375,0.9986672330041843,0.9983226141435176,1.0,0.9972642157697091,0.9991045489270763,0.9918356206866754,0.9875591175105632,-0.00039289413797726234,-0.00035984641326835897
age_u15,0.039785333524497785,0.04586916105373201,0.04756077899542799,0.06270800680171427,0.09173839951438079,0.04081062830865669,-0.009670270285234404,-0.036767591978654646,0.41284941521029295,0.5197443834133173,0.5197443834133173,-0.1898659488307239,0.03899601130221679,-0.009964049375912535,0.8069863911250073,0.77660148181878,0.5481869744871775,-0.03939289514562326,0.21512277163387977,0.12472952375427937,-0.1397781301249497,-0.18598203887100956,-0.18699491351443362,-0.07950928066011728,0.09158761287272286,-0.10438002561450385,-0.0198909095032397,-0.05007710716015381,-0.06773429358702743,-0.01905359588553078,0.292899568136173,0.046721434565553464,0.08185175287069794,0.9976895447633302,0.9982909899762017,0.9969034640390553,0.9972642157697091,1.0,0.9989090681779312,0.9902330236217827,0.9855677119819668,-0.0004081735608608582,-0.00037384062949620485
age_15_64,0.03917321234414216,0.045169294738877826,0.04659872481978836,0.06360224298011166,0.0877665890914707,0.04250487055651229,-0.013741441276841768,-0.034504131530312315,0.3913692871675866,0.473868712636268,0.473868712636268,-0.20155398788562387,0.03664753530124516,-0.0070363563679872254,0.8071017667509677,0.7773302187664508,0.532892075832926,-0.030495401385192925,0.23084824748874705,0.11951165909585443,-0.13426298061056113,-0.18387418914835724,-0.18305828368698557,-0.06765531316590292,0.09135852919336,-0.09204768479462389,-0.03302840345974624,-0.053570948382202194,-0.0750081830138308,-0.03140703801858763,0.2729021318566379,0.034050255265226724,0.0851943194144241,0.9994007862108578,0.9994342824697826,0.9991176367702231,0.9991045489270763,0.9989090681779312,1.0,0.9931360288608884,0.9890952354419963,-0.0004050060523136716,-0.00037093955137054436
age_65_plus,0.05149408057445783,0.05924986898035198,0.060972461937429744,0.08372003861765638,0.1048458501203663,0.05243535943944672,-0.022689683418418424,-0.03734278351460454,0.35462539115147607,0.42813035384199755,0.42813035384199755,-0.23521723988476553,0.035057124557985146,-0.003075599082681913,0.8377013959239898,0.807547865496595,0.5288694667184145,-0.011620946165578322,0.26263045461198514,0.14422727857112902,-0.12402417659891113,-0.21061746365455236,-0.21318766077571646,-0.044826004349207055,0.07919771133029392,-0.0717982216940468,-0.05742266699045705,-0.05286376166679733,-0.0820245856547653,-0.05558085608756587,0.24230866769910506,0.003972735006756536,0.09023063149776175,0.9962324817265008,0.9957983435917536,0.9963645936882769,0.9918356206866754,0.9902330236217827,0.9931360288608884,1.0,0.9993600356866484,-0.00038664276761546417,-0.00035412086792288567
age_75_plus,0.05458625901803191,0.06283242514717438,0.06454684073542424,0.08974107793707134,0.10901246857553255,0.05662183905937135,-0.02675936046873872,-0.038280466631224,0.34553777530182256,0.4221137104198829,0.4221137104198829,-0.24316758711691772,0.03311314581316784,-0.000768568957038704,0.8446193254703627,0.813668919768219,0.5268783555647418,-0.0076275362262288975,0.2678372710968643,0.14865683224920376,-0.11797417098630139,-0.21848211038000553,-0.2206917105537451,-0.039408884811676426,0.07524417817031417,-0.06933646907610866,-0.0586722903902878,-0.05018849882382897,-0.0800433693882344,-0.060343235718333,0.23492098851458454,-0.000495095091417064,0.09179295073761984,0.992942368951624,0.9923180060543011,0.9932439089005747,0.9875591175105632,0.9855677119819668,0.9890952354419963,0.9993600356866484,1.0,-0.00038008003954564495,-0.0003481101542752953
year,-0.1538380564607848,-0.1427326042952554,-0.14566434100164202,-0.06285294339026833,0.0016046067149175626,0.21919466605851018,0.05189263452940207,-0.1839378997068481,0.029037638321240213,0.035066363765224005,0.035066363765224005,-0.12105098241599191,0.5898416717485327,-0.5901853163300526,-0.00017632092707296524,-0.00016409099575854865,-0.00015533796306975192,-1.1062876136195832e-05,-0.00011625254244754184,0.00026062666389543317,0.00011676643719660434,-0.00011628886373211342,-0.0002041900164361881,0.00014632822424344525,-5.615221607273952e-05,0.0001528553988457371,-0.0001111133874565227,-2.1735073370768697e-05,-3.180949387013724e-05,-2.8560780912870263e-06,-0.00020892745204960318,-0.00016809549973026072,-0.00013116682399480693,-0.00039984504024173775,-0.00039831093879402654,-0.0004011032867180574,-0.00039289413797726234,-0.0004081735608608582,-0.0004050060523136716,-0.00038664276761546417,-0.00038008003954564495,1.0,-0.00029755770787899375
month_num,-0.18275244814657016,-0.17846242862573858,-0.1858771498425897,-0.14563339046762636,0.05221715421133853,0.13102074841096537,0.26716923962717587,-0.21894955050365256,-0.13180419429189882,,,0.06540081662179209,0.02234233834480322,-0.04801189805983443,-0.00016148994616709737,-0.00015028871791532728,-0.00014227193396711962,-1.0132338239984692e-05,-0.00010647412722338063,0.00023870442732889946,0.00010694479646107942,-0.00010650739340202828,-0.00018701486721313493,0.00013402003635174181,-5.142905326123272e-05,0.0001399981870601323,-0.00010176724486094817,-1.9906858975680822e-05,-2.9133884095180874e-05,-2.6158431984557963e-06,-0.00019135382024634354,-0.00015395638878727339,-0.0001201339154554642,-0.0003662126503984388,-0.0003648075876843328,-0.00036736506128322386,-0.00035984641326835897,-0.00037384062949620485,-0.00037093955137054436,-0.00035412086792288567,-0.0003481101542752953,-0.00029755770787899375,1.0
